0.000000000000000000e+00 0.000000000000000000e+00
7.531804985277184414e+02 -4.597840111996956125e+02
4.699782448194747531e+02 -3.001300806085696991e+02
8.544798565457500672e+01 -6.620984007161597447e+02
5.437206148660872032e+02 -2.857145459572182062e+02
7.701568215457645294e+01 -3.277462218032036958e+02
2.493627895587564467e+02 -2.533909764145234078e+02
6.535679591198689877e+02 -2.862412404051875114e+02
3.408652517244577780e+02 -2.247823387632745948e+02
3.546663947726921151e+02 -2.959442940120767958e+02
2.841898915135202515e+02 -1.245878397723746218e+02
6.194484632821120158e+02 9.319440286287891695e+01
1.128122004125027544e+01 -4.607305043268331133e+02
4.052669681645857622e+02 -3.715566242171108229e+02
5.129084334552188693e+02 -3.687266364426529890e+02
7.590893066741338089e+02 -1.814365696834203447e+02
5.070795240685733773e+01 -1.426997432599830233e+02
3.740509325098138333e+02 -1.723401171145308410e+02
2.191651004469141739e+01 1.494967906324396552e+02
2.739867496799352011e+02 1.653979802849603686e+01
5.835978605064598241e+02 -2.195926424597230096e+02
3.646832376146899719e+02 -2.077999486908291544e+02
1.910070040336628665e+02 2.250562392542335886e+02
3.218086275954806865e+02 -8.768766196747519359e+01
3.064126092835069812e+02 -2.028365825189013663e+02
4.134649891978781966e+02 -2.367892136360112687e+01
3.461121460691168750e+02 -7.126447373726086880e+02
2.793910342969670637e+02 -5.354802895488278409e+02
7.611772728664881242e+02 -2.912395696775561191e+02
5.441729648242717303e+02 1.134388603210524451e+02
4.786326490889563843e+02 -2.463639918494602341e+02
6.096683125799596610e+02 -3.939555358801517286e+02
4.610275820659870192e+02 -5.123634521029983944e+02
6.610917003172642126e+02 -1.864095817535294657e+02
7.306697475240474660e+02 -2.882568323170584890e+01
6.266793939001667013e+02 -5.926503204374123470e+02
8.341519862488657964e+02 1.749160790105656247e+02
1.244796530186705240e+03 -5.003304086162593762e+02
2.708900951272422049e+02 -2.835917321653383851e+02
2.833759005368745534e+02 -4.032004235140219066e+02
1.574521168293009168e+03 9.594242387350281831e+01
4.569091575280846200e+02 -3.526103658399279084e+02
5.862246521408767421e+02 -5.695655792021997286e+02
5.725487714830632058e+02 -1.127999510689757869e+02
3.822882806581579871e+02 -1.304751818591210167e+03
-2.568500078503410577e+02 -1.287957281253108590e+02
-2.052677543231496600e+02 -5.177387978827035795e+02
-2.202370561202460237e+02 -1.148993186079915858e+03
-5.230389263433736460e+02 5.998510505311173802e+02
-1.067533129682684148e+03 -2.503780497762486448e+03
-3.232431842037326533e+03 4.359385311993991081e+02
4.058736894791927625e+03 7.581496617510769056e+02
-1.679120352773682043e+03 -8.439861290451268587e+02
3.791980301658295502e+03 -1.840805734411949516e+03
3.178352638113618013e+03 2.685772036904079414e+03
-4.772160084674568452e+02 -7.697944226591051802e+02
-3.046072349929513166e+03 -1.840568423945440145e+03
-2.432130503878166564e+03 2.685966745579583403e+03
9.536141036775302382e+02 8.632821096183979535e+02
-1.459621489075085037e+03 2.661490947046140718e+02
1.971064504625316886e+03 4.660471931590506642e+02
6.676417728671360692e+02 3.258830210356265525e+03
-1.094140122453940648e+03 1.751104826072337573e+03
3.564323438493418053e+02 -2.323934826339401297e+03
