0.000000000000000000e+00 0.000000000000000000e+00
9.800026508089985100e+00 3.199985370689312703e+01
-2.490001185689829555e+01 -1.529991381132164285e+01
-6.079999623658546426e+01 4.500029090054082914e+00
-1.204000327041198091e+02 -4.119972767812000569e+01
-9.790005477344652718e+01 -6.839962735907448632e+01
-1.040006381495298271e+01 -7.949964744043785458e+01
-8.490014168911685033e+01 -1.762991756269024961e+02
-8.900023770494725284e+01 -2.955986679642007857e+02
4.239988149593707334e+01 -1.476993985332380532e+02
1.005997791604149825e+02 -2.746989090260969988e+02
9.629989499642731232e+01 -1.305995167101268351e+02
1.547998834203123693e+02 -1.451995045381291050e+02
2.557998647967379782e+02 -1.678994991917672053e+02
3.015999427249325322e+02 -7.079995769211258505e+01
2.284999917931237974e+02 -1.070014933141406033e+01
3.094000152943416992e+02 1.929964568077017972e+01
2.170000690814308371e+02 8.569944106192569677e+01
1.189999726645637992e+02 -3.479994836267565006e+01
1.868999429609059462e+02 -7.029985429675008390e+01
1.098999333294386389e+02 -8.329973100379443451e+01
-3.003000859744779518e+02 -1.081993120432674260e+02
-3.277999516350916451e+02 5.869998471888161617e+01
-3.806998475446058023e+02 1.873994524204358072e+02
-3.577997391675172025e+02 3.222988370511098992e+02
-1.812996850443190908e+02 3.903984102217105487e+02
-9.469983710344870076e+01 2.022991875818799201e+02
5.090013360241282214e+01 1.660992323612982489e+02
-4.479991301768447443e+01 1.082995642665095914e+02
-8.399993922399478663e+01 7.499974044497893999e+01
1.874002333028172984e+02 2.896985657718596485e+02
2.660002182698980278e+02 2.714985751490343091e+02
4.901002760715299473e+02 3.451980246729931423e+02
6.147007685811515785e+02 9.660949971308679096e+02
3.821001294545087603e+02 1.613989531591029447e+02
4.117000187125165098e+02 2.379952651438565780e+01
4.138999387768063229e+02 -7.530004676202041480e+01
4.055998158379829306e+02 -2.272993901606328393e+02
2.312997369172721278e+02 -3.262988078183710741e+02
2.734997202084306878e+02 -3.470987588835229758e+02
-1.940036644292097989e+01 -4.553980564499728985e+02
-2.915003295748988990e+02 -4.097980449706961963e+02
-3.689001825904301199e+02 -2.281987553328056890e+02
-6.487999394121816295e+02 7.120011561166266745e+01
-9.266993968020483408e+02 7.284972548056350661e+02
-1.904399564447714738e+03 4.275987820067782650e+02
-1.522698472086654419e+03 1.766992186973476464e+03
-5.950002221661657131e+02 -2.795984062263415240e+02
-2.919097339651541461e+03 2.610386989605675808e+03
-3.754998862085151814e+03 5.810970716629914250e+02
-2.133700333426150792e+03 -5.737968847048259704e+02
-8.789003968261018827e+02 -5.068973251208904571e+02
-6.106006757569496131e+02 -8.489960680819817753e+02
1.839920326153708174e+01 -9.894959398965185073e+02
9.187997782664556325e+02 -2.637998038507632828e+02
1.263000194408848074e+03 2.740974042404030229e+02
1.676900424015731005e+03 6.078952558272004580e+02
3.161024802229778174e+02 3.126883511275589171e+03
2.936501542295929539e+03 2.610382249090776440e+03
3.856099964222163635e+03 8.719893402345218192e+02
3.578598162372387378e+03 -1.472399685659233000e+03
-8.501536654491667733e+00 -1.908792477764588966e+03
-1.495401549682681434e+03 -2.070991160766482608e+03
-3.561200537350872310e+03 -1.472393905421606405e+03
-2.051850549796874645e+01 2.464132810793957447e+02
-1.100885641523122729e+02 2.336439207315861211e+02
-9.528165913857674241e+01 1.308053195553737851e+02
-5.885510327195272851e+01 6.754412355096658871e+01
-7.590353167762796005e+00 9.139757840670486644e+01
3.319844527436545434e+01 2.036885544488915514e+02
7.563611146028179633e+01 1.983024526960435026e+02
1.573750675077085930e+02 1.824514468312818849e+02
-1.927450073097536176e+02 2.046219422300557085e+02
-1.681487048549171277e+02 1.094645576900837511e+02
-8.048780276128186983e+01 2.777707011549684069e+01
-2.012570789416242789e+00 4.713588591357623869e+01
6.515574056942402592e+01 6.385686377178944895e+01
1.091233210038263621e+02 6.909664176242856115e+01
2.612645532168211844e+02 1.382256611424411972e+02
-2.320742312717728737e+02 9.255610001061729974e+01
-2.470663372259035384e+02 1.350252974185166579e+02
-5.622060529039837462e+01 2.238162996010989758e+01
1.221356633720387030e+01 -1.467547695521587769e+01
8.219148681103658305e+01 -1.658661487690910974e+01
1.829594839879338224e+02 6.145988435417849161e+01
2.297886988958530026e+02 1.605210040131380822e+02
-2.814660184527571687e+02 6.410512341679540782e+01
-3.691240537664698991e+02 4.340977993180320738e+01
-1.584482450034906833e+02 1.432274009164277828e+00
-5.344840705392407187e+01 -2.033881789158922615e+01
1.760277299668159046e+01 -1.787810514861525633e+02
1.099128521789327664e+02 -1.669984690555465434e+01
2.370742275401846655e+02 6.531129033936691997e+01
3.171723709927690606e+02 7.659990546200975814e+01
2.952881767131744937e+02 -1.269713419685328759e+01
-3.566665336704179481e+02 -2.213423408511009427e+01
-2.907393705132716946e+02 -5.401665761618423822e+00
-2.010881137543208013e+02 -5.356188365376070237e+01
-6.857158120439044069e+01 -6.970509718117141063e+01
1.355928179040564316e+02 -7.152100918763355253e+01
3.562663860573828742e+02 -2.777038964631763207e+01
3.697271165429161783e+02 -1.057659476032664401e+02
2.580627421918411528e+02 -9.856277714164049542e+01
-3.705975595504978628e+02 -1.322433886014433995e+02
-3.937034773101041765e+02 -1.749922601667025219e+02
-3.021743215978792136e+02 -3.509066904394483686e+02
-5.799853892236638586e+01 -1.289581297678495275e+02
-2.548340381056005022e+00 -3.985233238027274183e+01
1.360257349890768523e+02 -1.062512196114676186e+02
3.566405732510078792e+02 -1.343571225804789151e+02
2.732820149543065895e+02 -2.401281134436330262e+02
1.510892321980911959e+02 -4.271558226960034403e+02
-2.796925855762930269e+02 -1.950052117078369349e+02
-1.980351737335311668e+02 -1.180914078135337775e+02
-7.192875845691912673e+01 -1.923167606470061628e+02
-1.971787770201035173e+01 -6.425166845671729732e+01
1.248180926765778196e+02 -1.677107242318848535e+02
5.208710249647995028e+01 2.737975503616094670e+02
8.622884939145622241e+01 -1.143387642902539483e+02
-1.572830217013693357e+02 -1.917566681648703195e+02
-1.034121522233806303e+02 -1.487867603053174435e+02
-1.033190928762570451e+02 -3.502974672323109075e+02
-3.021304375472662507e+00 -1.288295024445828858e+02
8.578439703723192622e+01 -2.412975896919437844e+02
2.015837145073731165e+02 -3.635299671188739694e+02
-2.089957478421720225e+02 -3.864765524914615185e+02
4.103749737832433020e+00 -4.823485222550951335e+02
1.439191790968644469e+01 -3.182859134016674147e+02
5.728864100665374792e+01 -6.864328865850593786e+01
-3.333561151067002015e+02 1.662189561919504399e+02
-2.815165223379144663e+02 2.676401049158284422e+03
-1.172086578102828980e+03 2.555632641372437774e+03
-1.022280491605087605e+03 1.525799178575584392e+03
-7.617219238173729536e+02 1.005962633956688364e+03
-1.515895174886765631e+02 1.126392891151581352e+03
2.492000823197799377e+02 2.255678154413201355e+03
6.696376770612483824e+02 2.196291956623493661e+03
1.489376443997836077e+03 2.036440715814684609e+03
-2.001743121023933782e+03 2.265612111863903465e+03
-1.752147636706563617e+03 1.306459471377137106e+03
-8.814874145524123605e+02 4.957754456831625589e+02
9.119084212640643727e+00 5.661242663618897950e+02
5.691563711120201106e+02 8.558527695747701500e+02
1.009123972436319036e+03 9.060918455676427357e+02
2.529265452480058684e+03 1.596215292532871672e+03
-2.392073175590257961e+03 1.145551565467793353e+03
-2.542064905357146927e+03 1.566018728642569386e+03
3.921363202712712592e+01 6.632414908617504068e+01
7.391915327603750256e+02 4.641245775059817191e+01
1.748960020709293758e+03 8.264544128466999382e+02
2.218789815701141379e+03 1.825510107026443393e+03
-2.891465057079118196e+03 8.561016176660729116e+02
-3.762122897721021673e+03 6.464064541065076810e+02
-1.661448006700284623e+03 2.264318589596958873e+02
-6.114483752638797114e+02 1.566138945238298419e+01
8.960165365608918364e+01 -1.564775616430421906e+03
2.289074705771350636e+03 8.663047328421914699e+02
3.089172708074996990e+03 9.855912026557737136e+02
2.869287970377594320e+03 8.629847358921003320e+01
-3.641665929380085799e+03 -4.134694719049932132e+00
-2.981738907392410965e+03 1.655977054833951172e+02
-2.082088211405069160e+03 -3.145602325641180528e+02
-7.615718999982190098e+02 -4.747029630385858923e+02
1.269592448821832477e+03 -4.945205012218146976e+02
3.479265854720402785e+03 -5.477554388613587122e+01
3.618725927704932928e+03 -8.347684127973325303e+02
2.499062000581238863e+03 -7.645631905218634756e+02
-3.781597622285806210e+03 -1.095239798900999176e+03
-4.011703666409362995e+03 -1.524987357435180911e+03
-3.092175922292100495e+03 -3.284895566352987771e+03
-6.519992810037661002e+02 -1.064953929353544709e+03
-1.115569881197862401e+02 -1.716941855543147142e+02
1.279025111841054240e+03 -8.352494886470404936e+02
3.479639223827035948e+03 -1.115358252316164680e+03
2.649280081473126302e+03 -2.175124014525380971e+03
1.429086000566119537e+03 -4.045144481618289774e+03
-2.871693427822824106e+03 -1.724998819810511577e+03
-2.052035719382286516e+03 -9.550873960496169275e+02
-7.815153246849462221e+02 -1.644500822398661967e+03
-1.817408538714863084e+02 -5.350010723109816126e+02
1.168817007367500537e+03 -1.454706720328997108e+03
4.390892147945847910e+02 2.955783230484552405e+03
8.287938633136744784e+02 -1.025445907894083575e+03
-1.642284121986531318e+03 -1.694750115105482109e+03
-1.111413012593786789e+03 -1.264781714129225975e+03
-1.111321288923201109e+03 -3.275286240251406525e+03
-1.020220580987396062e+02 -1.064825611887761625e+03
7.787827810195349230e+02 -2.185290810823322317e+03
1.929580899022758103e+03 -3.414521017923681484e+03
-2.161997897112418741e+03 -3.635464199571386871e+03
-1.122883551365863752e+02 -4.385398983220536138e+03
5.938978677427758157e+01 -2.955276207350780169e+03
4.892883197445423775e+02 -4.646420210132926627e+02
-3.411354103287023918e+03 1.876210204268763846e+03
-1.443296026552124658e+03 4.444475619989394545e+03
-3.235295209266721031e+03 4.440474698343000455e+03
-5.236294245439714359e+03 3.785476195976322288e+03
-7.233292975018797733e+03 2.328480743419912869e+03
-8.935291250625494285e+03 -2.451108441884442968e+01
-9.983289107682770918e+03 -3.271498786583844321e+03
-9.975287191581981460e+03 -7.278481944957971791e+03
-8.511287448372775543e+03 -1.175446035083791321e+04
-5.253294299477634013e+03 -1.621443457605627555e+04
8.683825396513144668e+00 -2.002440687975583205e+04
7.268632554567029729e+03 -2.236438416325975049e+04
1.622852992850578448e+04 -2.234438224385670037e+04
2.622834604167399084e+04 -1.907443395614792098e+04
3.621804599349172349e+04 -1.179460190578441689e+04
4.472760249663408467e+04 -2.499673977419175586e+01
4.996702055009033938e+04 1.620420112339428306e+04
4.992639280047966167e+04 3.624271865413243358e+04
4.260599198382072063e+04 5.861018732392735546e+04
2.631641419571112056e+04 8.093618270640866831e+04
8.779455225618624681e+00 9.996036218188026396e+04
-3.135301981478138259e+03 -3.516486402139256370e+03
-2.236303241528386025e+03 -5.066481424616744334e+03
-6.689048668360034071e+02 -6.471477844991587517e+03
1.591692843437346028e+03 -7.472477044592480524e+03
4.480689325342070333e+03 -7.770480852777814107e+03
7.816683707500001219e+03 -7.054491715650027800e+03
1.127867486107853620e+04 -5.043512981355827833e+03
1.442866153725904223e+04 -1.539549523041441034e+03
1.665864359182247790e+04 3.515391906955901959e+03
1.732862289358327689e+04 9.975301210102978075e+03
1.572860723734382918e+04 1.743516522743775931e+04
1.122861494809927353e+04 2.518496821339127928e+04
3.396681939592509934e+03 3.221469487115196898e+04
-7.907128723450442521e+03 3.721434125967830187e+04
-2.235071830386122019e+04 3.870392966724331927e+04
-3.902994720955336379e+04 3.512354393340340175e+04
-5.635864473695831111e+04 2.507338012663221161e+04
-7.206664906764178886e+04 7.549825045890785987e+03
-8.325391031241927703e+04 -1.772444370751312454e+04
-8.658070575493201613e+04 -5.002034829965005338e+04
4.604697946387957018e+03 -1.001404217378901535e+03
5.497698389798147218e+03 5.523859273922438433e+02
5.930699044397740181e+03 2.612472847036714029e+03
5.667700043938392810e+03 5.070456450403592498e+03
4.480701805787170088e+03 7.721436818954981391e+03
2.192705276234629764e+03 1.025541424877786994e+04
-1.281287729999393150e+03 1.224538971376057452e+04
-5.887274116628209413e+03 1.321536459680010739e+04
-1.138124925950446050e+04 1.262534237721990030e+04
-1.731120690618883236e+04 9.975329255304510298e+03
-2.297114049378985510e+04 4.859337183139411536e+03
-2.743104611459964144e+04 -2.908613497335137708e+03
-2.960092881959403530e+04 -1.320449023849589503e+04
-2.828081646070584975e+04 -2.550424502509860758e+04
-2.235078074446135724e+04 -3.875381809034543403e+04
-1.091097030574041128e+04 -5.140315123368483910e+04
6.458347340987721509e+03 -6.139222578375096055e+04
2.948673852125648409e+04 -6.623114676882614731e+04
5.697356854783937888e+04 -6.329027701627308124e+04
8.659802302555592905e+04 -5.002048850645390485e+04
