0.000000000000000000e+00 0.000000000000000000e+00
4.467803322335295491e+01 -1.274111374150095877e+01
3.736180045996050580e+01 1.628306885587133124e+01
2.771502302539008511e+01 -3.659199939128398427e+01
-1.175262511234715390e+01 -3.266347960344739221e+01
-3.990211005053750259e+00 3.371759948422881337e+01
-3.736104138168706612e+01 1.092084518961067729e+01
8.015495637022540620e+01 -3.354785665299109709e+00
1.707096221406785475e+01 -6.839346434497738869e+01
-4.345957585527074940e+01 -2.279636509523418653e+01
5.299468042896054243e+01 5.507714856222881394e+01
-1.685347400567568243e+01 -6.523132070942399707e+01
4.966504329092320802e+01 -7.098085146454724281e+01
8.691855386079767243e+01 2.796807754553609371e+01
-3.048608954137061744e+01 6.475357411216005232e+01
9.977730821834798292e+01 -2.567421940745599684e+01
8.103998846510755527e+01 -6.283983491754559481e+01
-5.875978406386984432e+01 -5.095754472287567438e+01
5.318260608209482321e+00 -9.760853861835543910e+01
6.718074730415055740e+01 -9.550341643840884842e+01
1.242790788986260822e+02 -1.823362763674078124e+00
6.099970515710301022e+00 1.012481926779346111e+02
1.120821941011533198e+02 -5.872191295033499614e+01
-9.212915390705998675e+01 -2.423176080730812387e+01
-3.104564645077596907e+01 -1.065155186355145815e+02
3.846589843180981916e+01 -1.197369290732768690e+02
-4.766950131947555747e+01 9.253243612099198856e+01
9.733600467930195066e+01 -9.263082344787711975e+01
1.258325017240780568e+02 4.798712793055468495e+01
4.290721529764788755e+01 1.131253480629602279e+02
1.353645346805925556e+02 -3.467948843769383416e+01
-8.913440455585251998e-01 -1.280690136261322323e+02
6.795554798415541597e+01 -1.275927521487002991e+02
-1.190677568237833128e+02 2.787732071723344163e+01
1.279345895534610662e+02 -9.320665221616005169e+01
-1.001086990433827424e+02 7.950630441176492980e+01
-7.705472941369066575e+01 -1.141768351907708308e+02
2.638028815576952368e+01 -1.530709031330744381e+02
-5.333073496082445786e+01 -1.393699433044944556e+02
1.666304599070793415e+02 4.051459709496776895e+01
1.648538069421636862e+02 -5.565835610114970677e+01
-9.429267034908461298e+00 -1.602535468113378840e+02
1.239422147258822804e+02 -1.254875627007323686e+02
9.345296495649122903e+01 -1.614073336463542603e+02
-3.314502329928680524e+01 1.662889784811585514e+02
-1.607547073321002813e+02 -3.677784390695376970e+01
8.603434700180147843e+01 1.662876009212970132e+02
4.189950114042953544e+01 -1.937817610380462554e+02
-1.506680204130898915e+02 -9.405879149105901149e+01
1.977801008713161650e+02 -6.916582849870862049e+01
1.444510777932970882e+02 -1.513515658222507625e+02
-1.161830163193197052e+02 1.354464170458443846e+02
-5.078340707642277607e+01 -1.971301621628012697e+02
2.270500468830148293e+02 -1.648209492141938526e+01
3.293069003897263514e+01 2.061362942667018672e+02
-9.223567550543093319e+01 1.780715272353777152e+02
2.288253344538485408e+02 3.601099596268049652e+01
-1.990010412982850596e+02 3.027393182357200274e+01
1.018760402264776559e+02 -2.182107320658781191e+02
1.396931141927022679e+02 1.951196479408640698e+02
2.394700035644494562e+02 1.134094651060648005e+02
-1.728440382398655402e+02 -1.700169553492980299e+02
2.690647165464867498e+02 -1.034613165400132289e+02
-3.369846106306085431e+01 2.761578847217536463e+02
2.618565292417003434e+02 -1.526974735586965437e+02
-1.414590192617733351e+02 2.322875341669808051e+02
-2.598644433663608879e+02 8.362822689460395509e+01
6.607963655331829500e+01 2.836292893745106767e+02
-7.528981480909679647e+01 -3.003881970012757279e+02
-2.829295937610814917e+02 -9.798129229321652645e+01
-2.992234268531364023e+02 2.954240048747544534e-01
-1.503437870969029575e+02 -2.764373157086973265e+02
1.097415659025942745e+02 -3.267404447227852415e+02
1.022214832914949483e+02 3.255849623543668940e+02
2.924520357356915952e+02 -2.200397988566266179e+02
1.563047581067909277e+02 -3.251146962417653299e+02
-8.553737132257289488e+00 -3.733825531139406166e+02
-3.380236192838943907e+02 1.011584386828162394e+02
3.659672182904000692e+02 1.667632958164144839e+02
7.106831491910985221e+01 3.816214162632714988e+02
-3.868758717671159530e+01 3.837278220938720210e+02
-1.719465534520566905e+02 3.398562963414564138e+02
-3.170686829334557615e+02 2.088210114989916235e+02
3.456797418468942737e+02 2.419598119421806643e+02
2.237289049306764639e+02 3.532687595667119353e+02
-2.082203311123392950e+02 -3.660904527759183225e+02
4.516612645669144399e+02 -2.396035146403107063e+01
-3.401282198050668626e+02 2.492425904300562820e+02
2.525319428491293650e+02 -3.774219018350678994e+02
-2.072016517224796814e+02 3.757760691416251575e+02
-2.607714587309934586e+02 -3.868728217639921354e+02
-4.600888962243907372e+02 -3.130906858313502994e+01
4.775973121415286755e+02 -1.864254119874329945e+02
2.272489573134502336e+02 -4.642064387334731350e+02
-4.096568803252317821e+02 -2.919407932233229417e+02
4.019786448683622098e+02 -3.554948517714317973e+02
4.215074068404934593e+00 5.245371184545560936e+02
4.894528160721615677e+02 -3.204399829943214968e+02
-5.576470426457608482e+02 6.955374355648037010e+01
-4.315953054725236626e+01 -5.918728477794360288e+02
6.106445556873050009e+02 1.307419559525755801e+02
4.274968964669300249e+02 4.567254521923960624e+02
1.236879506380967086e+02 -6.343212973350692891e+02
-2.652204705955265354e+02 -5.826591719446275874e+02
-4.318145932133069778e+02 4.885126046018752390e+02
-3.155546797048089047e+02 -6.028658449734041369e+02
-6.582191134993333890e+02 -3.561974477307736606e+02
7.550861806148260484e+02 -2.823287032558987448e+02
1.772655476369043583e+02 7.992663614913138872e+02
7.533181315104718578e+01 -8.326962948321660178e+02
-7.655155875573250341e+02 3.189730636527567640e+02
9.252761797141422448e+02 5.113018818301392088e+01
-2.477924222460678436e+02 8.673501578022626290e+02
-6.000443765799680023e+02 -7.260192492208200292e+02
4.449476432153556971e+02 -8.915514840114287836e+02
-5.173525002206905583e+02 -8.545688953753927990e+02
-1.052215869200468433e+03 4.912913393718812749e+00
-8.964848464559478316e+02 -5.975497843671187184e+02
-2.677635040683935586e+02 1.111315858541710895e+03
8.522625949752322185e+02 -9.005054266989488951e+02
1.115851775784861957e+03 5.761005237790011506e+02
3.485256591164591669e+02 1.197096250460608871e+03
1.216381104741062018e+03 -4.682039859232307322e+02
-8.516205352741965271e+02 -9.536665167086586052e+02
3.841424432843187731e+01 1.445354292592769752e+03
-1.293626983932528447e+03 -8.555400281772643893e+02
1.337404617123970866e+03 -9.047746350942725257e+02
7.186619887304610756e+02 1.593621684012522792e+03
5.081102647050794303e+02 1.752324918239674616e+03
5.185255291541544693e+02 -1.837036963538519558e+03
-1.794600399090427800e+03 -6.023604881448593460e+02
1.349410975274825205e+03 -1.465687575254969943e+03
-2.071396329387316200e+03 -2.082283313903343824e+01
-5.916071165429474377e+02 -2.056448026456454500e+03
1.166501291959007858e+03 1.978307495218650274e+03
-2.319627245673962079e+03 -1.454096498077451542e+02
1.191296115696543438e+03 -2.143727412110429213e+03
2.003509297270177967e+03 -1.471639102304101243e+03
-2.251356902877149878e+03 -1.444796987346454443e+03
-2.808534927185197375e+03 5.636411748038216274e+02
7.954195623319009201e+02 -2.908660963957257536e+03
2.150171438061922800e+03 2.153980385064940037e+03
3.511408553908672275e+03 2.899483534595132710e+02
-3.180557234088371388e+03 1.564418474856029434e+03
3.077484273028823281e+03 1.869184052015604721e+03
6.882028535481475728e+02 -3.609845777597964116e+03
8.584040700539743796e+01 -3.706661619788322696e+03
-1.588224648158981154e+03 -3.423409251371169375e+03
-1.588026135721513128e+03 3.414677411387078791e+03
-2.593070383241466971e+03 2.768831459081225603e+03
1.010891892533396117e+03 3.681270821195996632e+03
2.938344028606812117e+03 -2.809748977755423766e+03
2.938506904835816840e+03 2.800767696740743759e+03
4.286520544728313325e+03 1.332156133806824073e+03
-1.009693149758356753e+03 -4.447587920606322768e+03
-2.609346066593813248e+03 4.493075304811740352e+03
5.573476146505209726e+03 3.181202936227136320e+02
-2.551749154719204398e+03 -5.001584462035216347e+03
-4.487980620384714712e+03 -4.715876795134519853e+03
-2.308359478404390757e+03 6.377419678230073259e+03
6.809375231926126617e+03 -1.292910594936491179e+03
-7.058771046089500487e+03 -4.811366478252744855e+03
7.800234501266536427e+03 -3.604961161601182084e+03
-1.177862823834037954e+03 8.533438646122962382e+03
1.623804270391158070e+03 1.035018069723333792e+04
-9.926685980510374065e+03 -3.589359454363529949e+03
8.284145235202060576e+03 -6.683948890768057936e+03
5.133911943293007425e+03 1.196001166478547020e+04
7.922982323992880993e+03 -1.052987531553715598e+04
-1.394341054754987636e+04 -1.762178853368714954e+03
1.003972898610062111e+04 1.185725518411624398e+04
6.313869541436290092e+03 -1.502981106632009505e+04
-1.687637264671082085e+04 1.610831939280121333e+03
-1.838323004132104688e+04 7.918844908977504929e+03
1.575685609386076976e+04 1.240956195481882605e+04
3.053670058365650675e+03 -1.999687738059870389e+04
2.272377632540500053e+04 9.926658880167156894e+03
-1.962286959798550379e+04 1.516068568741819581e+04
-2.472438132932134977e+03 -2.484940652293979292e+04
3.038265809728120075e+04 3.579819479169896113e+03
-1.891240420953643115e+04 2.423041376412130921e+04
-1.054446957482675134e+04 -2.904903960532467318e+04
-1.528197526170409401e+04 3.489975986714997271e+04
3.811565891313184693e+04 -2.993298277283696734e+03
-2.152430139461988438e+04 -3.161855388497811509e+04
-7.655581755561566752e+03 4.659858423698215483e+04
4.487465458692058019e+04 -1.522132855693799684e+04
-3.627511674987185688e+04 -3.489048605694370053e+04
5.319909712240614681e+03 5.800333508300268295e+04
4.924333264791751571e+04 -3.196072302360523099e+04
-5.262124753695015534e+04 -2.653876162154880149e+04
2.394760088562000601e+04 6.849352089933759999e+04
-7.079929979138035560e+04 -1.616720896457431809e+04
4.937143519675175048e+04 -5.339889543211381533e+04
4.970959348136296467e+04 7.484843829397275113e+04
-8.992414292618996114e+04 2.267405755850426431e+03
4.296949070127958112e+04 -7.917486660214141011e+04
