0.000000000000000000e+00 0.000000000000000000e+00
-9.166823121089928463e+02 -6.184299365180174846e+02
-2.241646049689164101e+03 -1.512201855628196427e+03
-3.928545541081555257e+03 -2.650157919447021413e+03
-5.948559383658355728e+03 -4.012739495176871969e+03
-8.280968512728077258e+03 -5.586172860372687865e+03
-1.090990363153373619e+04 -7.359212174706895894e+03
-1.382266524384980767e+04 -9.323978804344020318e+03
-1.700843157109670938e+04 -1.147275466142146797e+04
8.399768254906730363e+02 6.617805634690489569e+01
1.842299140927078270e+03 -4.011352080269387557e+02
3.290791253054326717e+03 -1.076452923867557047e+03
5.134996097122941137e+03 -1.936268053850213391e+03
7.343480131653614080e+03 -2.965890463892348635e+03
9.893391591439847616e+03 -4.154450313772859772e+03
1.276759527545133824e+04 -5.494124984198665516e+03
1.595204648107959838e+04 -6.978373895201200867e+03
1.949192367959553303e+04 -8.476978583857526246e+03
3.632165689890874205e+02 7.053685445901423918e+02
2.762344181296138004e+02 1.698808278327119979e+03
1.417782488293409244e+02 3.234001080730112335e+03
-9.585527665927912722e+00 4.962145557345822453e+03
-2.013118802554754723e+02 7.150773768500971528e+03
-4.226842223047910920e+02 9.678141442405372800e+03
-6.721759874258149239e+02 1.252650780381862205e+04
-9.486321305081037281e+02 1.568234800793003888e+04
-1.250993798735888731e+03 1.913405968585951632e+04
