0.000000000000000000e+00 0.000000000000000000e+00
-2.792483188892047679e+02 -1.883593933412084311e+02
-6.825317056392692621e+02 -4.604125333197189889e+02
-1.195948954200730441e+03 -8.067622399594291664e+02
-1.810928994308509346e+03 -1.221613623305256397e+03
-2.520939382532911168e+03 -1.700495145591410846e+03
-3.321246389281274787e+03 -2.240337142192974170e+03
-4.207872375752152948e+03 -2.838401212811994355e+03
-5.177704942088748794e+03 -3.492560188772957645e+03
2.556718084178358197e+02 2.001070628118232619e+01
5.607305319736618685e+02 -1.222061338816994436e+02
1.001332284155655998e+03 -3.277636534714008576e+02
1.563038991289017986e+03 -5.895490661364610787e+02
2.235289022972300245e+03 -9.029891788560684063e+02
3.011510614299826557e+03 -1.264909971567836465e+03
3.886385589843679554e+03 -1.672827965479798877e+03
4.855689702422640948e+03 -2.124779865910562421e+03
5.915969489203833291e+03 -2.619159486431887672e+03
1.102938638047626654e+02 2.166599552788082406e+02
8.398917295286447882e+01 5.169984497160241972e+02
4.573297330277732442e+01 9.540575931257378670e+02
-2.963534665543128277e+00 1.510440797032304772e+03
-6.128478587681074430e+01 2.176716178552267138e+03
-1.373743550354988372e+02 3.045637537402267299e+03
-2.045797947623190396e+02 3.813066792923664252e+03
-2.886870052301920282e+02 4.773786499805728454e+03
-3.809887122647882620e+02 5.824550912348622660e+03
