0.000000000000000000e+00 0.000000000000000000e+00
-8.489801890911864746e+01 -5.726326386080775421e+01
-2.078606017430652741e+02 -1.402129820069563948e+02
-3.641480363956719657e+02 -2.456201493933517099e+02
-5.513200170083734974e+02 -3.719086725106992617e+02
-7.674338853512563219e+02 -5.176696736688696774e+02
-1.010996696383867743e+03 -6.819804237704772731e+02
-1.280854241994382846e+03 -8.640147591974574652e+02
-1.576146115950369904e+03 -1.063235198495336590e+03
7.780213832862170875e+01 6.124589208254294093e+00
1.707739710953624126e+02 -3.725485552719773352e+01
3.048984020079230390e+02 -9.977943744725352815e+01
4.758314297760784370e+02 -1.794744293741439662e+02
6.804521949761414135e+02 -2.748957616905036048e+02
9.164313359764465758e+02 -3.850359092935109402e+02
1.183049328660438732e+03 -5.092229595832837390e+02
1.478135675868726821e+03 -6.468263818905610378e+02
1.800868954552100604e+03 -7.973208753488356706e+02
3.235929653174845555e+01 7.971428433528099333e+01
2.539779863599126486e+01 1.593957033317907417e+02
1.392121908649774831e+01 2.904160018454211922e+02
-9.041835903813348896e-01 4.597344396496265517e+02
-1.864671376573657824e+01 6.626119493979223307e+02
-3.915644046058356054e+01 8.967939356077201865e+02
-6.225649438979704797e+01 1.160749171222692212e+03
-8.784793954786282200e+01 1.453177581269233542e+03
-1.158528193000358186e+02 1.773052047161555038e+03
