0.000000000000000000e+00 0.000000000000000000e+00
-4.063387997552559483e+01 1.476851606027533848e+01
-7.798503707454749190e+01 -1.041766046873393492e+01
-1.255321457392050633e+02 -4.249438225983807627e+01
-1.827265829144859879e+02 -8.108368894030590468e+01
-2.484950865812503196e+02 -1.254435708184953882e+02
-3.226248067819444145e+02 -1.754494411735195172e+02
-4.047829761877146666e+02 -2.308500650833412919e+02
-4.946158106923930404e+02 -2.914683152520781846e+02
3.495565813656983156e+00 -3.986032644206532893e+01
3.716828502060303663e+01 2.089277030135718505e+01
7.803000185899141172e+01 1.831500444580184572e+00
1.301399311534828769e+02 -2.248707460252306234e+01
1.923468710923716856e+02 -5.147897256872621341e+01
2.642640928803901375e+02 -8.501223375291024809e+01
3.453879502369412080e+02 -1.228508784580331223e+02
4.351967844083415002e+02 -1.647079638310498524e+02
5.333968147835289528e+02 -2.105212510931211796e+02
-3.483576762283203898e+00 3.983768756959974411e+01
-8.274239116046537390e+00 9.448266066870944258e+01
-1.176080997560966068e+01 1.343250366387677275e+02
-1.523539309948711562e+01 1.741641092722477140e+02
-2.048473643795318822e+01 2.339096566856357526e+02
-2.671140703015972306e+01 3.051844565519418779e+02
-3.374750838062207237e+01 3.855402151905287269e+02
-4.153607891355147075e+01 4.745029574099305592e+02
-5.012510075505404927e+01 5.719399650331203020e+02
