0.000000000000000000e+00 0.000000000000000000e+00
1.439888068170382667e+02 2.147621656642374061e-02
2.879815339336850002e+02 4.504050370432413630e-02
4.319718605002610161e+02 6.700093235984136419e-02
5.759646878299947730e+02 9.202182260442264006e-02
7.199564454593986511e+02 1.110739853943269323e-01
8.639475516782958948e+02 1.384489471364133417e-01
1.007937437942542942e+03 1.617309766361284262e-01
1.151928915074666293e+03 1.821681741084203165e-01
1.295921342232125653e+03 2.070424486193055413e-01
1.331924532836531171e+03 2.069095278955418726e-01
1.403919551309022381e+03 2.199021388416122769e-01
2.627846848230221894e+03 4.046494854058320656e-01
2.699841127344688630e+03 4.129435110359471195e-01
